264033382076407808
265895586660757505
265895723445411841
265896172726661120
266042962650226688
291941831476920321
299530972087599105
331907859916922880
365694278845997057
377947866641485824
388618880605646848
427956124411641856
440331541580099584
440688053129318400
484662433404162048
516382428395745280
537158751116357632
587354526857957376
587364252484296705
592958704196059136
596194588064354304
624651124545581056
625869142592212992
630010650488541184
634155794724814848
634750634420531200
634892204759056384
638663725763923968
643583883506749441
651489489811046401
658662473231298560
661259584418545664
662122334652772353
665937465430188032
667407931768512512
669296173241540609
670180327399165952
671463022280347648
671881255655489536
673988818198892544
674008204838199297
674375959626256384
674423766491922432
675390247165915137
676958069423808513
677194957443088384
678992241357000705
681156670186192898
681773089173024768
681975261064110080
687317650658189312
688744010010107904
690330740458967041
690562515500032000
691087262776426497
692033042383269888
692504112882171904
692552032113270784
692790423010566144
692915677099868160
693175853853904898